2	0
3	1
4	2
5	3
6	4
7	5
8	6
9	7
10	8
11	9
12	10
13	11
14	12
15	13
16	14
17	15
18	16
20	17
21	18
22	19
23	20
24	21
25	22
26	23
27	24
28	25
29	26
30	27
31	28
32	29
33	30
34	31
35	32
36	33
37	34
38	35
39	36
40	37
41	38
42	39
43	40
44	41
45	42
46	43
47	44
48	45
49	46
50	47
51	48
52	49
53	50
54	51
55	52
56	53
57	54
58	55
59	56
60	57
61	58
62	59
63	60
64	61
65	62
66	63
68	64
69	65
70	66
71	67
72	68
73	69
74	70
75	71
76	72
77	73
78	74
79	75
80	76
81	77
82	78
83	79
84	80
85	81
86	82
87	83
88	84
89	85
90	86
91	87
92	88
94	89
95	90
96	91
97	92
98	93
99	94
100	95
101	96
102	97
103	98
104	99
105	100
106	101
107	102
108	103
109	104
110	105
111	106
113	107
114	108
115	109
116	110
117	111
118	112
119	113
120	114
121	115
122	116
123	117
124	118
125	119
126	120
127	121
128	122
129	123
130	124
131	125
132	126
133	127
134	128
135	129
136	130
137	131
139	132
140	133
141	134
142	135
143	136
144	137
145	138
146	139
147	140
148	141
149	142
150	143
151	144
152	145
153	146
154	147
155	148
156	149
157	150
158	151
159	152
161	153
162	154
163	155
164	156
166	157
168	158
170	159
171	160
172	161
173	162
174	163
175	164
176	165
177	166
178	167
179	168
180	169
181	170
182	171
183	172
184	173
185	174
186	175
187	176
188	177
189	178
190	179
191	180
192	181
193	182
194	183
195	184
196	185
198	186
200	187
201	188
202	189
203	190
204	191
205	192
206	193
207	194
208	195
209	196
210	197
211	198
212	199
213	200
214	201
215	202
216	203
217	204
218	205
219	206
220	207
223	208
224	209
225	210
226	211
227	212
228	213
229	214
230	215
231	216
232	217
233	218
234	219
235	220
236	221
237	222
238	223
240	224
241	225
242	226
243	227
244	228
247	229
248	230
249	231
250	232
251	233
252	234
253	235
254	236
255	237
256	238
257	239
258	240
259	241
260	242
261	243
262	244
263	245
264	246
265	247
266	248
267	249
268	250
269	251
270	252
271	253
273	254
274	255
275	256
277	257
278	258
279	259
280	260
281	261
282	262
283	263
284	264
285	265
286	266
288	267
289	268
290	269
291	270
292	271
293	272
294	273
295	274
296	275
297	276
298	277
299	278
300	279
301	280
302	281
303	282
304	283
305	284
306	285
307	286
308	287
310	288
311	289
312	290
313	291
314	292
315	293
316	294
317	295
318	296
319	297
320	298
321	299
322	300
324	301
325	302
326	303
327	304
328	305
329	306
330	307
331	308
332	309
333	310
334	311
335	312
336	313
337	314
338	315
339	316
340	317
341	318
342	319
343	320
344	321
345	322
346	323
347	324
348	325
349	326
350	327
351	328
352	329
353	330
354	331
355	332
356	333
357	334
358	335
359	336
360	337
361	338
362	339
363	340
364	341
365	342
366	343
367	344
368	345
369	346
370	347
371	348
372	349
374	350
375	351
376	352
377	353
378	354
380	355
382	356
383	357
385	358
386	359
387	360
388	361
390	362
391	363
392	364
393	365
394	366
395	367
396	368
397	369
398	370
399	371
400	372
401	373
402	374
403	375
404	376
405	377
406	378
407	379
408	380
409	381
410	382
411	383
412	384
413	385
414	386
415	387
416	388
417	389
418	390
419	391
420	392
421	393
423	394
424	395
425	396
426	397
427	398
428	399
430	400
431	401
432	402
433	403
434	404
435	405
436	406
437	407
438	408
439	409
440	410
441	411
442	412
443	413
444	414
446	415
447	416
449	417
450	418
451	419
452	420
453	421
454	422
455	423
456	424
457	425
458	426
459	427
460	428
461	429
462	430
463	431
464	432
465	433
466	434
467	435
468	436
469	437
470	438
471	439
472	440
473	441
474	442
475	443
476	444
477	445
478	446
479	447
480	448
481	449
482	450
484	451
485	452
486	453
487	454
488	455
489	456
490	457
491	458
492	459
493	460
494	461
495	462
496	463
497	464
498	465
499	466
500	467
501	468
502	469
503	470
504	471
506	472
507	473
508	474
509	475
510	476
511	477
512	478
513	479
514	480
515	481
516	482
517	483
518	484
519	485
520	486
521	487
523	488
525	489
526	490
527	491
529	492
530	493
531	494
532	495
533	496
534	497
535	498
536	499
537	500
538	501
539	502
540	503
541	504
542	505
543	506
544	507
545	508
546	509
547	510
548	511
549	512
550	513
551	514
552	515
553	516
555	517
556	518
557	519
558	520
559	521
560	522
561	523
562	524
563	525
565	526
566	527
567	528
568	529
569	530
570	531
571	532
572	533
573	534
574	535
575	536
576	537
577	538
578	539
579	540
580	541
581	542
582	543
583	544
584	545
585	546
586	547
587	548
589	549
590	550
592	551
593	552
594	553
595	554
596	555
598	556
601	557
602	558
603	559
604	560
605	561
606	562
607	563
608	564
609	565
611	566
612	567
613	568
614	569
616	570
617	571
618	572
619	573
620	574
621	575
622	576
623	577
624	578
625	579
627	580
628	581
629	582
631	583
632	584
633	585
634	586
635	587
636	588
637	589
638	590
639	591
640	592
641	593
642	594
643	595
644	596
645	597
646	598
647	599
649	600
650	601
651	602
652	603
654	604
655	605
656	606
657	607
658	608
659	609
660	610
661	611
662	612
663	613
664	614
665	615
666	616
667	617
668	618
669	619
670	620
671	621
672	622
673	623
674	624
675	625
676	626
677	627
678	628
679	629
680	630
681	631
682	632
683	633
684	634
685	635
686	636
687	637
688	638
689	639
690	640
691	641
692	642
693	643
694	644
695	645
696	646
697	647
698	648
699	649
700	650
701	651
702	652
703	653
704	654
705	655
706	656
707	657
708	658
709	659
710	660
711	661
712	662
713	663
714	664
715	665
716	666
717	667
718	668
719	669
720	670
721	671
722	672
723	673
725	674
726	675
727	676
728	677
729	678
730	679
731	680
732	681
733	682
734	683
735	684
736	685
737	686
738	687
739	688
741	689
742	690
743	691
744	692
746	693
747	694
749	695
750	696
751	697
752	698
753	699
754	700
756	701
757	702
758	703
759	704
760	705
761	706
762	707
763	708
764	709
765	710
767	711
768	712
769	713
770	714
771	715
772	716
773	717
776	718
777	719
778	720
779	721
780	722
781	723
782	724
784	725
785	726
786	727
787	728
788	729
789	730
790	731
791	732
792	733
793	734
794	735
795	736
797	737
798	738
799	739
800	740
801	741
802	742
804	743
805	744
806	745
807	746
808	747
809	748
810	749
812	750
813	751
814	752
815	753
816	754
817	755
818	756
819	757
820	758
821	759
822	760
823	761
824	762
825	763
826	764
827	765
828	766
829	767
830	768
831	769
832	770
834	771
835	772
836	773
837	774
838	775
839	776
840	777
841	778
842	779
843	780
844	781
845	782
846	783
847	784
848	785
849	786
850	787
851	788
852	789
853	790
854	791
855	792
856	793
858	794
859	795
860	796
861	797
862	798
863	799
864	800
865	801
868	802
869	803
870	804
871	805
873	806
874	807
875	808
876	809
877	810
878	811
881	812
882	813
884	814
885	815
886	816
887	817
888	818
889	819
890	820
891	821
893	822
895	823
896	824
897	825
898	826
899	827
900	828
903	829
904	830
905	831
906	832
907	833
908	834
909	835
910	836
911	837
912	838
913	839
914	840
915	841
916	842
917	843
919	844
920	845
921	846
922	847
924	848
925	849
926	850
927	851
928	852
929	853
930	854
931	855
932	856
933	857
934	858
935	859
936	860
938	861
939	862
940	863
941	864
942	865
943	866
946	867
948	868
949	869
950	870
951	871
952	872
953	873
954	874
955	875
957	876
958	877
959	878
960	879
961	880
962	881
963	882
964	883
965	884
966	885
967	886
968	887
969	888
971	889
972	890
975	891
976	892
977	893
978	894
979	895
980	896
981	897
982	898
984	899
985	900
986	901
987	902
989	903
990	904
991	905
993	906
994	907
995	908
996	909
997	910
998	911
999	912
1001	913
1002	914
1003	915
1004	916
1005	917
1006	918
1007	919
1008	920
1009	921
1010	922
1011	923
1012	924
1014	925
1015	926
1016	927
1017	928
1018	929
1019	930
1020	931
1021	932
1022	933
1023	934
1024	935
1025	936
1026	937
1027	938
1028	939
1029	940
1030	941
1032	942
1033	943
1034	944
1035	945
1036	946
1037	947
1038	948
1039	949
1040	950
1041	951
1042	952
1044	953
1046	954
1047	955
1049	956
1050	957
1051	958
1052	959
1053	960
1054	961
1055	962
1056	963
1057	964
1058	965
1060	966
1061	967
1062	968
1063	969
1064	970
1065	971
1067	972
1068	973
1069	974
1070	975
1071	976
1072	977
1073	978
1074	979
1075	980
1076	981
1078	982
1079	983
1080	984
1081	985
1082	986
1083	987
1084	988
1085	989
1086	990
1087	991
1088	992
1089	993
1090	994
1091	995
1092	996
1093	997
1094	998
1097	999
1098	1000
1099	1001
1100	1002
1101	1003
1102	1004
1103	1005
1104	1006
1106	1007
1107	1008
1108	1009
1109	1010
1110	1011
1111	1012
1112	1013
1113	1014
1114	1015
1115	1016
1116	1017
1118	1018
1119	1019
1120	1020
1121	1021
1122	1022
1123	1023
1124	1024
1125	1025
1126	1026
1128	1027
1130	1028
1131	1029
1132	1030
1133	1031
1134	1032
1135	1033
1136	1034
1137	1035
1138	1036
1139	1037
1140	1038
1143	1039
1144	1040
1145	1041
1146	1042
1147	1043
1148	1044
1149	1045
1150	1046
1151	1047
1152	1048
1153	1049
1154	1050
1155	1051
1156	1052
1157	1053
1158	1054
1159	1055
1160	1056
1161	1057
1163	1058
1164	1059
1165	1060
1166	1061
1167	1062
1170	1063
1171	1064
1172	1065
1173	1066
1174	1067
1176	1068
1177	1069
1178	1070
1179	1071
1180	1072
1181	1073
1182	1074
1183	1075
1184	1076
1185	1077
1186	1078
1187	1079
1188	1080
1189	1081
1190	1082
1191	1083
1192	1084
1193	1085
1194	1086
1195	1087
1196	1088
1197	1089
1198	1090
1199	1091
1200	1092
1202	1093
1204	1094
1205	1095
1206	1096
1207	1097
1209	1098
1210	1099
1211	1100
1212	1101
1213	1102
1214	1103
1215	1104
1216	1105
1217	1106
1219	1107
1220	1108
1221	1109
1222	1110
1223	1111
1224	1112
1225	1113
1226	1114
1228	1115
1229	1116
1230	1117
1231	1118
1232	1119
1233	1120
1234	1121
1235	1122
1236	1123
1237	1124
1238	1125
1239	1126
1240	1127
1242	1128
1243	1129
1244	1130
1245	1131
1246	1132
1247	1133
1248	1134
1249	1135
1253	1136
1254	1137
1255	1138
1256	1139
1258	1140
1259	1141
1261	1142
1262	1143
1263	1144
1264	1145
1265	1146
1267	1147
1270	1148
1271	1149
1272	1150
1273	1151
1274	1152
1275	1153
1276	1154
1277	1155
1278	1156
1279	1157
1280	1158
1281	1159
1282	1160
1283	1161
1284	1162
1286	1163
1287	1164
1288	1165
1289	1166
1290	1167
1291	1168
1292	1169
1293	1170
1294	1171
1295	1172
1296	1173
1298	1174
1299	1175
1300	1176
1301	1177
1302	1178
1303	1179
1304	1180
1305	1181
1307	1182
1308	1183
1309	1184
1310	1185
1311	1186
1312	1187
1313	1188
1315	1189
1316	1190
1318	1191
1319	1192
1321	1193
1322	1194
1323	1195
1324	1196
1325	1197
1327	1198
1329	1199
1330	1200
1331	1201
1332	1202
1333	1203
1334	1204
1335	1205
1336	1206
1337	1207
1339	1208
1340	1209
1342	1210
1343	1211
1345	1212
1346	1213
1347	1214
1348	1215
1349	1216
1350	1217
1351	1218
1352	1219
1353	1220
1354	1221
1355	1222
1356	1223
1357	1224
1358	1225
1360	1226
1362	1227
1363	1228
1364	1229
1365	1230
1366	1231
1367	1232
1368	1233
1369	1234
1371	1235
1372	1236
1373	1237
1374	1238
1375	1239
1376	1240
1377	1241
1378	1242
1379	1243
1380	1244
1381	1245
1382	1246
1383	1247
1384	1248
1385	1249
1386	1250
1387	1251
1388	1252
1389	1253
1390	1254
1393	1255
1394	1256
1395	1257
1396	1258
1397	1259
1398	1260
1399	1261
1401	1262
1402	1263
1403	1264
1404	1265
1405	1266
1406	1267
1407	1268
1408	1269
1410	1270
1411	1271
1413	1272
1414	1273
1416	1274
1418	1275
1419	1276
1420	1277
1421	1278
1422	1279
1423	1280
1424	1281
1425	1282
1426	1283
1427	1284
1428	1285
1429	1286
1430	1287
1431	1288
1432	1289
1433	1290
1434	1291
1435	1292
1437	1293
1438	1294
1439	1295
1440	1296
1441	1297
1442	1298
1443	1299
1444	1300
1445	1301
1446	1302
1447	1303
1449	1304
1450	1305
1451	1306
1452	1307
1453	1308
1454	1309
1455	1310
1456	1311
1457	1312
1458	1313
1459	1314
1461	1315
1462	1316
1463	1317
1464	1318
1465	1319
1466	1320
1467	1321
1469	1322
1470	1323
1471	1324
1472	1325
1473	1326
1474	1327
1475	1328
1476	1329
1477	1330
1478	1331
1479	1332
1480	1333
1481	1334
1483	1335
1484	1336
1485	1337
1486	1338
1488	1339
1489	1340
1490	1341
1491	1342
1492	1343
1493	1344
1494	1345
1495	1346
1496	1347
1497	1348
1498	1349
1499	1350
1500	1351
1501	1352
1502	1353
1503	1354
1504	1355
1505	1356
1506	1357
1507	1358
1508	1359
1509	1360
1511	1361
1513	1362
1514	1363
1515	1364
1516	1365
1517	1366
1518	1367
1519	1368
1520	1369
1521	1370
1522	1371
1524	1372
1525	1373
1527	1374
1528	1375
1530	1376
1531	1377
1532	1378
1533	1379
1534	1380
1535	1381
1536	1382
1537	1383
1538	1384
1539	1385
1540	1386
1541	1387
1542	1388
1543	1389
1544	1390
1545	1391
1546	1392
1547	1393
1549	1394
1551	1395
1552	1396
1553	1397
1554	1398
1555	1399
1556	1400
1557	1401
1558	1402
1559	1403
1560	1404
1562	1405
1563	1406
1564	1407
1565	1408
1566	1409
1567	1410
1568	1411
1570	1412
1572	1413
1573	1414
1574	1415
1575	1416
1576	1417
1577	1418
1578	1419
1579	1420
1580	1421
1581	1422
1582	1423
1583	1424
1584	1425
1585	1426
1586	1427
1587	1428
1588	1429
1589	1430
1590	1431
1591	1432
1592	1433
1593	1434
1594	1435
1595	1436
1596	1437
1597	1438
1599	1439
1600	1440
1601	1441
1603	1442
1604	1443
1605	1444
1606	1445
1607	1446
1608	1447
1611	1448
1613	1449
1614	1450
1615	1451
1616	1452
1617	1453
1618	1454
1619	1455
1620	1456
1621	1457
1622	1458
1623	1459
1624	1460
1625	1461
1626	1462
1627	1463
1628	1464
1629	1465
1630	1466
1632	1467
1633	1468
1634	1469
1635	1470
1636	1471
1637	1472
1638	1473
1639	1474
1640	1475
1641	1476
1642	1477
1643	1478
1644	1479
1646	1480
1647	1481
1648	1482
1649	1483
1650	1484
1652	1485
1653	1486
1654	1487
1655	1488
1656	1489
1657	1490
1658	1491
1659	1492
1660	1493
1661	1494
1662	1495
1663	1496
1664	1497
1665	1498
1666	1499
1667	1500
1669	1501
1670	1502
1671	1503
1672	1504
1674	1505
1675	1506
1676	1507
1677	1508
1678	1509
1679	1510
1680	1511
1682	1512
1683	1513
1684	1514
1685	1515
1686	1516
1687	1517
1688	1518
1689	1519
1690	1520
1691	1521
1692	1522
1693	1523
1694	1524
1695	1525
1696	1526
1697	1527
1699	1528
1700	1529
1701	1530
1702	1531
1703	1532
1704	1533
1705	1534
1706	1535
1707	1536
1708	1537
1709	1538
1710	1539
1711	1540
1712	1541
1715	1542
1717	1543
1718	1544
1719	1545
1720	1546
1721	1547
1722	1548
1723	1549
1724	1550
1725	1551
1726	1552
1727	1553
1728	1554
1729	1555
1730	1556
1732	1557
1733	1558
1734	1559
1736	1560
1737	1561
1740	1562
1741	1563
1742	1564
1743	1565
1744	1566
1745	1567
1746	1568
1747	1569
1748	1570
1749	1571
1751	1572
1752	1573
1753	1574
1754	1575
1755	1576
1757	1577
1759	1578
1760	1579
1761	1580
1762	1581
1764	1582
1765	1583
1766	1584
1768	1585
1769	1586
1770	1587
1771	1588
1772	1589
1773	1590
1774	1591
1775	1592
1776	1593
1777	1594
1778	1595
1779	1596
1780	1597
1781	1598
1782	1599
1783	1600
1784	1601
1785	1602
1786	1603
1787	1604
1788	1605
1789	1606
1790	1607
1791	1608
1792	1609
1793	1610
1794	1611
1795	1612
1796	1613
1797	1614
1798	1615
1799	1616
1800	1617
1801	1618
1802	1619
1803	1620
1804	1621
1805	1622
1806	1623
1807	1624
1808	1625
1809	1626
1810	1627
1811	1628
1813	1629
1814	1630
1815	1631
1816	1632
1817	1633
1818	1634
1819	1635
1820	1636
1821	1637
1822	1638
1823	1639
1824	1640
1825	1641
1826	1642
1827	1643
1828	1644
1829	1645
1830	1646
1831	1647
1832	1648
1833	1649
1834	1650
1835	1651
1836	1652
1838	1653
1839	1654
1840	1655
1841	1656
1842	1657
1844	1658
1845	1659
1846	1660
1847	1661
1848	1662
1850	1663
1851	1664
1852	1665
1853	1666
1854	1667
1855	1668
1856	1669
1857	1670
1858	1671
1859	1672
1860	1673
1861	1674
1862	1675
1863	1676
1864	1677
1865	1678
1866	1679
1867	1680
1868	1681
1869	1682
1871	1683
1872	1684
1873	1685
1874	1686
1875	1687
1877	1688
1879	1689
1880	1690
1881	1691
1882	1692
1883	1693
1885	1694
1887	1695
1888	1696
1889	1697
1890	1698
1891	1699
1892	1700
1894	1701
1895	1702
1896	1703
1897	1704
1898	1705
1899	1706
1900	1707
1902	1708
1903	1709
1904	1710
1905	1711
1906	1712
1907	1713
1908	1714
1909	1715
1910	1716
1911	1717
1912	1718
1914	1719
1915	1720
1917	1721
1918	1722
1919	1723
1920	1724
1921	1725
1922	1726
1923	1727
1924	1728
1925	1729
1926	1730
1928	1731
1929	1732
1930	1733
1931	1734
1933	1735
1934	1736
1935	1737
1936	1738
1937	1739
1938	1740
1939	1741
1941	1742
1942	1743
1944	1744
1946	1745
1947	1746
1948	1747
1949	1748
1950	1749
1951	1750
1952	1751
1954	1752
1955	1753
1956	1754
1957	1755
1958	1756
1959	1757
1961	1758
1962	1759
1963	1760
1964	1761
1965	1762
1966	1763
1968	1764
1969	1765
1971	1766
1972	1767
1973	1768
1974	1769
1975	1770
1976	1771
1977	1772
1978	1773
1979	1774
1980	1775
1981	1776
1982	1777
1983	1778
1984	1779
1986	1780
1987	1781
1988	1782
1989	1783
1990	1784
1991	1785
1992	1786
1993	1787
1994	1788
1995	1789
1996	1790
1997	1791
1998	1792
1999	1793
2000	1794
2001	1795
2003	1796
2004	1797
2005	1798
2006	1799
2007	1800
2008	1801
2009	1802
2010	1803
2011	1804
2013	1805
2014	1806
2015	1807
2016	1808
2017	1809
2018	1810
2019	1811
2020	1812
2021	1813
2022	1814
2023	1815
2024	1816
2025	1817
2027	1818
2028	1819
2029	1820
2030	1821
2031	1822
2032	1823
2033	1824
2034	1825
2035	1826
2036	1827
2037	1828
2038	1829
2039	1830
2040	1831
2041	1832
2042	1833
2043	1834
2044	1835
2045	1836
2046	1837
2047	1838
2048	1839
2051	1840
2052	1841
2053	1842
2054	1843
2055	1844
2056	1845
2057	1846
2058	1847
2059	1848
2060	1849
2061	1850
2062	1851
2064	1852
2065	1853
2066	1854
2067	1855
2068	1856
2069	1857
2070	1858
2071	1859
2072	1860
2075	1861
2076	1862
2077	1863
2078	1864
2079	1865
2080	1866
2081	1867
2083	1868
2084	1869
2086	1870
2087	1871
2088	1872
2090	1873
2091	1874
2092	1875
2093	1876
2094	1877
2095	1878
2096	1879
2097	1880
2099	1881
2100	1882
